1551030
1551927
1552296
1553903
1546700
1550805
1547226
1547064
1546792
1553552
1553394
1553833
1551993
1552911
1553199
1547782
1554995
1553667
1552146
1553685
1548818
1553703
1553541
1547330
1552778
1554780
1550977
1548733
1551462
1554576
1551339
1546624
1552138
1553713
1547451
1547869
1546765
1548697
1553566
1552931
1551819
1553065
1554826
1551031
1552684
1550004
1551466
1546052
1549494
1548410
1547013
1546945
1549777
1554832
1548977
1548235
1550038
1554812
1554764
1549263
1547233
1553939
1548472
1554260
1552720
1553735
1548219
1552439
1546918
1553702
1552781
1554821
1553404
1554065
1549282
1551276
1554377
1548091
1554425
1553498
1552676
1552879
1550461
1552393
1547748
1554635
1550394
1554344
1553431
1547715
1547026
1548826
1548376
1554243
1549915
1551134
1554621
1546099
1552043
1552448
1554520
1548392
1550059
1549717
1549699
1552426
1549072
1547892
1554462
1554380
1548423
1546515
1549097
1549603
1552374
1546686
1550282
1552307
1551437
1553329
1551418
1552022
1552719
1550676
1548246