1556760
1556381
1562071
1556982
1555466
1563609
1558945
1558884
1557896
1560038
1558699
1563474
1558596
1562243
1563326
1559495
1558787
1556825
1562176
1557015
1563339
1563457
1555217
1555991
1562556
1555331
1562173
1556686
1562574
1560346
1558208
1560788
1563243
1557925
1559233
1562259
1556914
1556631
1562136
1555827
1561096
1560731
1562795
1560875
1562437
1563584
1561487
1563386
1560001
1557216
1557335
1560025
1559345
1562010
1555839
1563526
1557972
1562120
1560400
1561455
1559640
1556608
1557677
1563155
1563530
1559067
1555470
1560153
1562111
1557566
1562099
1557924
1561200
1561727
1560862
1562865
1559743
1557074
1560385
1560886
1555904
1555480
1556911
1559813
1562282
1556404
1555497
1562746