1567527
1566060
1565795
1569484
1565677
1567612
1572132
1571872
1565800
1568938
1565279
1570756
1571433
1572884
1570493
1565310
1570035
1571331
1570055
1571899
1569512
1569533
1572818
1572932
1565806
1567576
1568370
1571960
1572852
1569957
1565948
1564803
1569710
1569795
1571265
1566736
1566965
1571867
1564113
1569465
1567767
1569216
1572795
1564053
1572072
1570004
1568917
1570622
1568385
1565261
1566192
1566694
1571622
1571820
1567536
1570052
1572226
1565970
1570152
1565071
1568010
1571599
1564367
1566605
1570020
1567758
1570009
1571751
1567401
1566560
1565715