1530907
1536030
1529369
1532899
1529390
1528603
1534247
1534346
1531109
1533103
1528417
1528479
1531617
1536162
1530982
1528022
1533687
1536388
1532084
1533969
1534021
1528436
1532835
1535924
1535756
1536670
1533049
1534431
1536243
1532592
1529027
1529960
1531430
1532214
1529472
1535752
1532880
1531319
1529141
1533965
1532632
1535063
1535081
1529757
1536728
1534966
1534591
1535537
1529487
1532896
1534080
1528196
1533430
1528369
1530506
1535283
1534382
1533186
1535814
1533825
1535117
1532241
1534666
1536600
1534049
1530592
1530642
1535780
1534234
1532007
1533226
1529719
1535489
1529087
1531536
1533690
1535357
1531253
1529903
1531848
1531650
1529938
1529713
1528079
1531074
1532049
1533291
1528181
1536751
1536290
1535333
1535973
1532288
1536494
1528978
1534366
1530844
1535916
1531800
1528888
1532619
1530804
1531099
1532998
1534327
1536499
1535284