1513890
1510530
1512272
1517017
1511536
1516291
1514301
1516219
1516265
1511662
1516295
1514557
1517827
1514666
1516400
1512144
1518620
1515572
1514414
1515951
1510203
1516691
1517304
1516134
1516554
1515539
1517866
1513174
1514209
1510604
1518941
1516740
1510491
1514634
1513392
1512603
1514056
1513030
1516925
1512344
1512436
1517282
1517633
1515621
1517132
1517524
1515921
1512251
1515424
1516101
1513961
1513636
1515909
1514377
1513396
1515584
1512572
1513976
1515203
1518896
1512360
1516952
1515910
1517111
1517161
1514756
1515135
1512158
1511586
1512500
1515296
1515223
1518720
1516836
1515344
1511013
1516618
1518999
1516599
1515566
1510478
1518353
1511141
1510370
1514623
1516491
1514966
1518037
1512126
1518004
1511445
1510940
1512542
1511577
1511838
1512262
1515410
1516336
1512612
1511540
1517918
1515148
1512944
1514859
1511414
1515728
1517003
1515549
1515736
1513096
1516086
1516601
1516890
1516966
1514546
1515468
1511759
1515995
1514777
1512950
1514065
1510520
1516972
1510917
1511806
1515214
1511912
1516725
1517124
1514410
1517205
1517236
1511467
1516505
1515686
1517823
1510388
1515392
1514080
1515836
1517497
1516799
1513471
1516460
1516488
1517965
1518325
1515114
1510803
1511376
1512600
1515462
1515698
1517605
1514625
1511781
1513360
1514405
1512631
1511991
1517712
1518322
1516793
1510565
1515595
1517352
1512052
1514339
1510816
1512669
1516504
1516003
1513511
1514423
1516536
1514375