1539826
1539642
1542344
1541437
1542306
1545174
1544522
1544839
1544519
1545774
1542089
1544084
1543801
1538073
1544225
1544776
1539395
1544769
1540212
1544557
1545245
1537873
1541872
1544578
1543818
1541769
1542062
1539455
1543708
1544357
1540921
1543288
1539728
1538860
1538686
1543881
1541069
1545192
1544920
1539824
1538440
1544802
1543754
1537196
1538827
1540670
1543811
1538996
1542618
1540555
1542150
1541006
1542761
1542093
1543711
1543218
1539871
1538053
1544138
1540294
1544193
1542120
1538682
1538424
1545677
1543670
1537925
1541787
1540184
1543772
1538254
1543146
1538689
1543934
1540861
1537630
1543954
1537054
1540017
1538640
1539169
1544568
1545593
1538843
1541484
1543034
1544321
1541941
1545184
1540216
1537274
1544756
1540164
1539068
1541330
1542465
1542810
1538626
1544574
1537611
1545334
1540100
1543086
1538773
1539799
1540925
1539489
1538478
1543093
1545496
1541260
1540346
1538102
1544253
1545423
1541588
1538401
1545327